"INFORMATION"
"20200707_Cell4099_001_DCCfreq.smr"
""
""
""
""
""

"SUMMARY"
"8"	"Evt+"	"SpikeEvt"	0

"CHANNEL"	"8"
"Evt+"
"No comment"
"SpikeEvt"

168.888960
168.909953
168.927569
168.947893
168.964833
168.980409
168.995987
169.010896
169.025130
169.039345
169.054258
169.067810
169.081340
169.093549
169.106421
169.119960
169.132169
169.145707
169.155876
169.168076
169.178896
169.189757
169.201259
169.212770
169.223616
169.234456
169.245295
169.255459
169.266968
169.277132
169.287301
169.297460
169.307632
169.317790
169.327946
169.338113
169.347598
169.357083
169.367244
169.376732
169.386880
169.397040
169.405861
169.414669
169.424828
169.433640
169.443125
169.451927
169.462081
169.470897
169.479705
169.489184
169.497995
169.506809
169.514932
169.524419
169.533219
169.542703
169.550834
169.559647
169.569127
169.576587
169.584721
169.593520
169.601650
169.610450
169.619263
169.627395
169.635523
169.644325
169.652462
169.660592
169.668717
169.677516
169.685655
169.693112
169.701239
169.709370
169.716826
169.725622
169.733753
169.741885
169.749337
169.757460
169.765594
169.773053
169.781178
169.788632
169.796760
169.804884
169.812337
169.819796
169.827240
169.834695
169.842153
169.850269
169.857725
169.865180
169.872634
169.880088
169.887535
169.894312
169.901767
169.909220
169.915985
169.923439
169.930898
169.937667
169.945797
169.953249
169.960026
169.967478
169.974253
169.981701
169.988477
169.995927
170.002700
170.009477
170.016248
170.023705
170.030482
170.037253
170.044029
170.051482
170.058254
170.065027
170.071801
170.078576
170.085355
170.092808
170.098899
170.106358
170.113113
170.119902
170.126674
170.133455
170.140228
170.146332
170.153781
170.159872
170.166656
170.173422
170.180868
170.186968
170.193748
170.200520
170.206623
170.213403
170.220156
170.226948
170.233047
170.239819
170.246593
170.253371
170.259464
170.266244
170.272355
170.279116
170.285223
170.291989
170.298760
170.305519
170.311646
170.318402
170.324525
170.331272
170.337388
170.343492
170.350290
170.356370
170.363140
170.369262
170.376012
170.382778
170.388892
170.395649
170.401792
170.408555
170.414656
170.421430
170.427554
170.433650
170.440435
170.446525
170.453281
170.459414
170.465485
170.472265
170.478398
170.485132
170.491287
170.498001
170.504161
170.510275
170.516992
170.523161
170.529352
170.536038
170.542164
170.548252
170.555048
170.561138
170.567281
170.573435
170.579498
170.585437
170.592318
170.598450
170.604707
170.610749
170.617444
170.623647
170.629783
170.635976
170.642567
170.648672
170.654900
170.661591
170.667830
170.674430
170.680709
170.686629
170.693596
170.700168
170.706378
170.712595
170.719922
170.726155
170.732761
170.739594
170.746334
170.752499
170.759261
170.766008
170.772178
170.778714
170.785521
170.791684
170.798438
170.804734
170.811945
170.818689
170.825408
170.831710
170.838427
170.845201
170.851313
170.858646
170.864626
170.871524
170.877716
170.884998
170.891809
170.898553
170.905339
170.912098
170.918858
170.925663
170.932407
170.939819
170.946014
170.953957
170.960207
170.966921
170.974366
170.981155
170.987869
170.995309
171.002143
171.009539
171.016330
171.023727
171.030502
171.037996
171.044732
171.052210
171.059653
171.067061
171.073894
171.081325
171.088798
171.096207
171.103670
171.111131
171.118576
171.126669
171.133471
171.141553
171.149019
171.156474
171.164592
171.172048
171.179514
171.187628
171.195078
171.203208
171.210668
171.218766
171.226245
171.234355
171.242489
171.249953
171.258045
171.266196
171.274315
171.281792
171.289930
171.298018
171.306174
171.314298
171.322424
171.330575
171.338689
171.346817
171.355607
171.363734
171.371883
171.380678
171.388818
171.397614
171.407074
171.414549
171.424011
171.432151
171.440956
171.449758
171.458581
171.467388
171.476848
171.485661
171.494471
171.503958
171.512773
171.522913
171.531724
171.540540
171.550032
171.560184
171.569661
171.579148
171.588633
171.598795
171.608287
171.617760
171.627259
171.637410
171.647565
171.657054
171.667891
171.678062
171.688221
171.698378
171.709221
171.719380
171.730225
171.741741
171.752574
171.764095
171.774253
171.786454
171.797289
171.808134
171.819641
171.831160
171.843354
171.855548
171.867745
171.880611
171.892813
171.905683
171.918558
171.932103
171.944296
171.958514
171.972076
171.986300
172.000528
172.015421
172.030336
172.047268
172.063527
172.081138
172.101469
172.117054

