"INFORMATION"
"20200701_Cell4091_008_DCCfreq.smr"
""
""
""
""
""

"SUMMARY"
"8"	"Evt+"	"SpikeEvt"	0

"CHANNEL"	"8"
"Evt+"
"No comment"
"SpikeEvt"

260.495921
260.556659
260.605182
260.646968
260.684415
260.719691
260.752620
260.783472
260.813000
260.840320
260.866928
260.893350
260.919995
260.944453
260.969691
260.993440
261.016489
261.038911
261.061800
261.083560
261.105421
261.126419
261.146032
261.165420
261.185476
261.205241
261.226019
261.245019
261.263631
261.282937
261.301048
261.319050
261.337030
261.354400
261.371499
261.388589
261.405388
261.422060
261.438191
261.454949
261.471640
261.488635
261.505541
261.521951
261.537989
261.554149
261.569981
261.585532
261.600585
261.615061
261.631038
261.645417
261.661374
261.677106
261.692639
261.707090
261.722199
261.736946
261.752008
261.766460
261.780478
261.795150
261.809630
261.823518
261.837596
261.851670
261.865671
261.880219
261.894151
261.909049
261.924276
261.938812
261.954679
261.969539
261.985811
262.000711
262.016848
262.032993
262.049528
262.066210
262.083930
262.100690
262.117697
262.135151
262.153071
262.171320
262.188723
262.206389
262.225201
262.244050
262.263052
262.282709
262.302706
262.323146
262.343273
262.364379
262.385671
262.408040
262.431179
262.452770
262.476186
262.498890
262.522780
262.546541
262.571539
262.597192
262.623620
262.650769
262.679241
262.708151
262.740284
262.773831
262.808279
262.843731
262.881136
262.922331
262.968848
263.021278
263.084149

