"INFORMATION"
"20200707_Cell4099_001_DCCfreq.smr"
""
""
""
""
""

"SUMMARY"
"8"	"Evt+"	"SpikeEvt"	0

"CHANNEL"	"8"
"Evt+"
"No comment"
"SpikeEvt"

26.273531
26.319148
26.334483
26.351101
26.366736
26.390475
26.404247
26.419083
26.433460
26.447914
26.461949
26.476109
26.490743
26.504984
26.518032
26.531353
26.544558
26.557305
26.570041
26.583136
26.595504
26.608407
26.621149
26.633615
26.646274
26.658131
26.670422
26.682153
26.694183
26.705269
26.717254
26.728874
26.739954
26.751967
26.764012
26.775293
26.786962
26.798485
26.809784
26.821219
26.832047
26.843410
26.854541
26.865856
26.876872
26.888041
26.898682
26.910100
26.921387
26.932304
26.942914
26.953799
26.964720
26.974812
26.985718
26.996121
27.006579
27.017495
27.028061
27.038705
27.049142
27.059689
27.070037
27.080416
27.090618
27.100952
27.111119
27.121740
27.131978
27.142029
27.152353
27.162192
27.172332
27.182045
27.192116
27.202037
27.211644
27.221929
27.231809
27.241860
27.251284
27.261046
27.271003
27.280854
27.290283
27.300037
27.309784
27.319862
27.329623
27.339358
27.349332
27.359154
27.368620
27.378386
27.388123
27.397587
27.406280
27.416569
27.425418
27.435389
27.443975
27.453047
27.462329
27.471815
27.480897
27.489982
27.499043
27.508679
27.518218
27.527269
27.536971
27.546099
27.555178
27.564911
27.574037
27.583415
27.592174
27.601607
27.611001
27.620057
27.629762
27.638851
27.647991
27.657355
27.666454
27.675583
27.684590
27.693362
27.703090
27.711853
27.721243
27.730963
27.740418
27.750107
27.759910
27.769608
27.779354
27.789151
27.798864
27.808629
27.818385
27.827868
27.837615
27.847593
27.857077
27.867493
27.877544
27.887583
27.898043
27.908322
27.918861
27.929302
27.939757
27.950168
27.960623
27.970730
27.981317
27.992229
28.002318
28.012747
28.023444
28.034491
28.045660
28.056402
28.067860
28.078599
28.090344
28.101740
28.113201
28.124987
28.136549
28.148837
28.161260
28.172984
28.185173
28.197872
28.210034
28.222803
28.235233
28.247630
28.260776
28.273728
28.287156
28.299997
28.313224
28.326655
28.340332
28.354446
28.368335
28.382329
28.395927
28.410234
28.425512
28.448020
28.461791
28.485127
28.499505
28.523978
28.548337
28.590162
28.625907

