"INFORMATION"
"20200701_Cell4091_008_DCCfreq.smr"
""
""
""
""
""

"SUMMARY"
"8"	"Evt+"	"SpikeEvt"	0

"CHANNEL"	"8"
"Evt+"
"No comment"
"SpikeEvt"

81.086296
81.155076
81.213663
81.266116
81.312268
81.354065
81.391964
81.430635
81.466291
81.500305
81.533068
81.563168
81.592848
81.622951
81.652625
81.680522
81.707615
81.734434
81.760375
81.786583
81.811885
81.836868
81.861488
81.885234
81.909926
81.933704
81.957053
81.979822
82.002707
82.025230
82.046878
82.068733
82.089823
82.111952
82.133085
82.154687
82.176191
82.197037
82.217489
82.238588
82.258608
82.279000
82.299050
82.318881
82.339333
82.360039
82.380174
82.401135
82.422598
82.444052
82.465918
82.488351
82.511093
82.534299
82.557266
82.580469
82.604813
82.628535
82.653859
82.679492
82.705936
82.732172
82.759360
82.786910
82.814963
82.843518
82.873353
82.903790
82.934454
82.966570
82.999360
83.033823
83.070252
83.109824
83.150303
83.193110
83.239278
83.291298
83.346841
83.409495
83.490513

