"INFORMATION"
"20200707_Cell4099_001_DCCfreq.smr"
""
""
""
""
""

"SUMMARY"
"8"	"Evt+"	"SpikeEvt"	0

"CHANNEL"	"8"
"Evt+"
"No comment"
"SpikeEvt"

48.527523
48.570908
48.599401
48.615582
48.658116
48.673395
48.698381
48.713439
48.730045
48.745744
48.760775
48.776481
48.790844
48.805119
48.818571
48.832850
48.846425
48.859805
48.872820
48.885805
48.899200
48.912110
48.924858
48.938285
48.950427
48.963826
48.976022
48.988599
49.001064
49.013816
49.025853
49.038592
49.050913
49.062926
49.075150
49.087344
49.099616
49.111201
49.122613
49.134441
49.146131
49.157627
49.169322
49.180667
49.192423
49.203639
49.215208
49.226054
49.237836
49.248726
49.260022
49.271202
49.281839
49.293255
49.304343
49.315415
49.326288
49.337455
49.348757
49.359223
49.370193
49.381101
49.391627
49.402422
49.413133
49.423969
49.434804
49.445188
49.455985
49.466608
49.477196
49.487821
49.498143
49.508882
49.519613
49.529956
49.540521
49.551102
49.561512
49.571900
49.582146
49.592621
49.602826
49.613309
49.623760
49.634396
49.644561
49.654848
49.665013
49.675078
49.685328
49.695104
49.705306
49.715739
49.726118
49.736134
49.746429
49.757015
49.767058
49.777662
49.788487
49.799368
49.809597
49.820383
49.831008
49.841994
49.853129
49.863426
49.874733
49.885843
49.897089
49.908402
49.919619
49.931160
49.942844
49.954017
49.965200
49.976650
49.987975
49.999881
50.012025
50.023229
50.035355
50.046878
50.058967
50.070941
50.083364
50.095578
50.108005
50.120161
50.132532
50.145879
50.158807
50.172485
50.185207
50.198839
50.212402
50.226203
50.240418
50.254750
50.268587
50.283441
50.299262
50.322510
50.335985
50.358906
50.382017
50.396485
50.421034
50.454477
50.479838
50.514196
50.565844

