"INFORMATION"
"20200908_Cell4109_008.smr"
""
""
""
""
""

"SUMMARY"
"m1"	"Evt-"	"Memory"	0

"CHANNEL"	"m1"
"Evt-"
"No comment"
"Memory"

50.792186
50.840098
50.872917
50.904526
50.932606
50.955555
50.977496
50.997806
51.017594
51.035416
51.054596
51.072396
51.090206
51.108006
51.125186
51.141106
51.157026
51.172946
51.188365
51.204666
51.220679
51.236136
51.250916
51.265574
51.280016
51.294816
51.309606
51.323609
51.337816
51.351986
51.364912
51.378565
51.391976
51.405032
51.418306
51.431576
51.444277
51.457178
51.470086
51.482496
51.494786
51.507574
51.520254
51.533396
51.545812
51.558726
51.572017
51.585702
51.599494
51.613386
51.627691
51.641596
51.656246
51.670686
51.685337
51.701276
51.716316
51.731726
51.747397
51.764216
51.781516
51.798797
51.816996
51.834426
51.853226
51.871621
51.891346
51.911155
51.931600
51.953138
51.973716
52.000872
52.031386
52.065486

