"INFORMATION"
"20200908_Cell4109_008.smr"
""
""
""
""
""

"SUMMARY"
"m1"	"Evt-"	"Memory"	0

"CHANNEL"	"m1"
"Evt-"
"No comment"
"Memory"

10.839753
10.884551
10.920866
10.947981
10.977823
11.005352
11.029291
11.051197
11.072645
11.093570
11.112514
11.131324
11.148913
11.166405
11.184713
11.202147
11.219453
11.235990
11.252719
11.268819
11.284672
11.300182
11.315311
11.331228
11.346286
11.360936
11.375711
11.389944
11.404352
11.418413
11.432680
11.447274
11.461242
11.474976
11.488867
11.502375
11.514831
11.528777
11.541614
11.555223
11.568489
11.581522
11.594130
11.606899
11.619172
11.631921
11.644519
11.656803
11.668743
11.681034
11.693224
11.705429
11.717630
11.729310
11.741739
11.753391
11.765294
11.777368
11.789568
11.801733
11.814129
11.826697
11.839926
11.852196
11.865428
11.878341
11.891372
11.905199
11.918692
11.932038
11.946031
11.959458
11.973209
11.986765
12.000605
12.014940
12.028776
12.043666
12.057939
12.072728
12.088511
12.103447
12.118858
12.134540
12.150570
12.166689
12.184022
12.201467
12.218719
12.237226
12.255934
12.276184
12.296568
12.317106
12.336710
12.360671
12.385746
12.416172
12.450605
12.490493
12.560521

