"INFORMATION"
"20200908_Cell4109_008.smr"
""
""
""
""
""

"SUMMARY"
"m1"	"Evt-"	"Memory"	0

"CHANNEL"	"m1"
"Evt-"
"No comment"
"Memory"

175.996084
176.022380
176.048776
176.072308
176.089915
176.110432
176.130982
176.150565
176.168174
176.180964
176.198496
176.214175
176.230748
176.244532
176.260140
176.274799
176.288578
176.304128
176.317913
176.331579
176.344429
176.357963
176.371633
176.383449
176.396115
176.408862
176.420592
176.433289
176.445030
176.456818
176.467580
176.479304
176.491011
176.501778
176.513504
176.523401
176.535052
176.544854
176.555602
176.566353
176.576159
176.585982
176.596682
176.606491
176.616291
176.626064
176.635884
176.644645
176.655402
176.664272
176.674063
176.683790
176.693582
176.702404
176.712192
176.721013
176.730760
176.739553
176.748403
176.758151
176.766973
176.776738
176.784635
176.794392
176.802236
176.811971
176.819814
176.828653
176.836550
176.846225
176.854079
176.862941
176.870714
176.879579
176.888283
176.895252
176.904040
176.912736
176.920591
176.929385
176.936352
176.945113
176.952924
176.961661
176.969487
176.977372
176.985221
176.993088
177.001778
177.008687
177.017455
177.024325
177.032190
177.039045
177.046918
177.054686
177.062498
177.071299
177.078178
177.086995
177.094795
177.103562
177.111381
177.120184
177.127075
177.136853
177.144662
177.153471
177.162257
177.170152
177.179879
177.188682
177.197496
177.207247
177.215173
177.224881
177.233712
177.243485
177.252264
177.262100
177.271838
177.281581
177.291384
177.301192
177.311048
177.321712
177.331509
177.341309
177.352073
177.361852
177.372684
177.383389
177.394116
177.405004
177.416651
177.427406
177.439138
177.450856
177.461649
177.473396
177.485191
177.497836
177.510546
177.523263
177.536060
177.547792
177.561528
177.574138
177.587880
177.601580
177.616253
177.631856
177.646566
177.662279
177.678902
177.696449
177.713096
177.732641
177.753235
177.772795
177.794369
177.817802
177.854053
177.898036

