Im	0 Desc.	Im.1	1 Asc.
14.711389000000002	84.459459	4.747259	83.263947
14.68909	90.211998	4.822476999999999	80.87343299999999
14.636754000000002	84.068937	4.8981959999999996	85.142614
14.556314000000002	88.691796	4.940461	78.957758
14.4628	56.038106000000006	5.031614	84.96176700000001
14.160698000000002	16.065547	5.057391	94.11764699999999
14.023832	41.597338	5.127985	94.87666
13.927045000000001	60.734892	5.178104	100.351229
13.907764000000002	174.978128	5.240927	103.14595200000001
13.828018	79.840319	5.295308	94.07337700000001
13.724054	42.016807	5.33098	107.009096
13.375407000000001	12.979428	5.368661	99.800399
13.334429	161.4205	5.417822	114.547537
13.041235	18.641066	5.463637	103.573278
12.80735	21.915407000000002	5.5558510000000005	117.78563
11.880711	5.5286800000000005	5.552576999999999	111.48272
11.889204	221.975583	5.6216099999999996	110.132159
11.848809	176.99115	5.674832	114.744693
11.797571000000001	72.020166	5.695012	118.20331000000002
11.752129	187.617261	5.750903	116.754232
11.717378	145.243282	5.791104	119.18951100000001
11.690316000000001	157.728707	5.834501	121.80268000000001
11.635863	151.630023	5.846211	127.55102
11.605127	152.55530100000001	5.899069	121.80268000000001
11.595014	156.617071	5.961546	122.92563
11.544347	132.18770700000002	6.001424	124.45550700000001
11.500812	160.901046	6.024534	134.680135
11.478803	151.860289	6.045774	123.99256000000001
11.464948	156.494523	6.105243	127.145582
11.436744000000001	163.800164	6.161580000000001	129.87013000000002
11.394159	158.227848	6.200117	139.37282199999999
11.289418	70.62146899999999	6.1962589999999995	127.795527
11.277782	202.224469	6.253285	134.31833400000002
11.183624	49.517207	6.323364	136.23978200000002
11.17906	204.918033	6.3484110000000005	134.228188
11.128741	155.400155	6.378523	136.612022
11.087645	152.55530100000001	6.407421	130.63357299999998
11.036555	143.575018	6.4218459999999995	140.350877
11.047797000000001	165.15276599999999	6.486296	130.97576899999999
11.016306	157.480315	6.5134739999999995	143.06151599999998
10.950465	143.88489199999998	6.553613	148.03849
10.922322	149.14243100000002	6.611775	130.718954
10.881169	149.25373100000002	6.639499000000001	148.920328
10.84884	156.739812	6.673845	132.362674
10.820896000000001	150.037509	6.680406	152.55530100000001
10.769892	149.588631	6.752981	142.959257
10.746628999999999	155.76324	6.792489999999999	143.266476
10.73179	144.092219	6.806653	138.88888899999998
10.682128	149.14243100000002	6.848346	154.67904099999998
10.672421	148.809524	6.838087	145.772595
10.616249	157.232704	6.9294839999999995	144.927536
10.597241	149.700599	6.952082000000001	149.925037
10.564003	143.06151599999998	6.967059	154.918668
10.538146000000001	157.728707	7.033931	144.61316000000002
10.504011	149.25373100000002	7.063046000000001	148.257969
10.481725	148.69888500000002	7.064699000000001	156.128025
10.418307	148.69888500000002	7.128184	143.781452
10.374666	137.551582	7.14268	155.884645
10.370942	156.494523	7.1997160000000004	156.372166
10.309997000000001	142.85714299999998	7.210201	144.61316000000002
10.294709	156.862745	7.266518	150.037509
10.230878	136.518771	7.280797	156.862745
10.207180000000001	149.25373100000002	7.309691	148.03849
10.170389	136.425648	7.349074000000001	165.56291399999998
10.158073	156.494523	7.394829	144.508671
10.106592	149.14243100000002	7.431245	155.279503
10.071666	136.612022	7.4479869999999995	158.102767
10.050933	141.442716	7.498167	149.365198
10.012841	143.06151599999998	7.535569000000001	150.943396
9.95622	142.755175	7.558039999999999	164.338537
9.926136	142.247511	7.586647999999999	158.227848
9.86763	135.961931	7.613796000000001	156.25
9.853867	142.247511	7.649713	152.09125500000002
9.826855	142.146411	7.639815	163.39869299999998
9.775183	136.14703899999998	7.691636	148.257969
9.745135000000001	142.85714299999998	7.717817999999999	167.22408000000001
9.716137	142.247511	7.7868710000000005	157.356412
9.675286999999999	135.961931	7.7994710000000005	156.862745
9.613792	135.961931	7.830536	165.425972
9.603958	134.861767	7.866339999999999	157.97788300000002
9.555189	130.97576899999999	7.9188350000000005	158.856235
9.510855000000001	142.450142	7.942622	157.232704
9.501623	135.869565	7.959194999999999	174.52007
9.421911	123.533045	7.987089999999999	165.837479
9.384458	137.174211	8.035727	158.102767
9.367919	136.23978200000002	8.061793	163.934426
9.338314	124.533001	8.070530999999999	167.364017
9.260703	136.14703899999998	8.117086	158.982512
9.26732	134.589502	8.15901	173.010381
9.224162	131.578947	8.180611	167.504188
9.184351	124.300808	8.220655	165.15276599999999
9.142624	129.533679	8.234486	166.112957
9.090008000000001	125.156446	8.267206	166.251039
9.04795	129.449838	8.296352	159.10898999999998
9.038895	130.208333	8.324259	183.99264
8.948733	119.83223500000001	8.356531	150.82956299999998
8.914781	129.617628	8.37562	185.873606
8.903815	119.976005	8.425753	165.016502
8.865758	124.300808	8.461994	166.944908
8.792869	124.68827900000001	8.49076	175.746924
8.779465	124.37810900000001	8.512171	165.289256
8.72757	119.976005	8.524699	176.67844499999998
8.688311	123.99256000000001	8.557374000000001	167.22408000000001
8.646017	124.76606399999999	8.592623	166.112957
8.60184	120.048019	8.638111	175.28483799999998
8.566147	115.074799	8.655700999999999	166.527893
8.521287	119.474313	8.671352	175.438596
8.472184	119.760479	8.714167	165.700083
8.44657	114.876508	8.758007000000001	175.28483799999998
8.376503	119.474313	8.762531	167.504188
8.365853	119.40298500000002	8.791862	175.746924
8.311468	119.688809	8.847517999999999	164.88046200000002
8.257534	111.172874	8.851204	168.350168
8.205797	106.837607	8.897401	175.28483799999998
8.163708	124.533001	8.909641	174.978128
8.122761	109.89011	8.954599	186.567164
8.02347	111.669458	8.997939	167.364017
8.026285000000001	110.375276	9.011014999999999	166.112957
7.9765179999999996	107.18113600000001	9.011532	186.046512
7.9467360000000005	110.497238	9.045394	186.39328999999998
7.8686869999999995	106.951872	9.088946	166.112957
7.865609	106.609808	9.112	176.211454
7.7735080000000005	110.803324	9.132577000000001	175.90149499999998
7.765332000000001	103.092784	9.169307	186.39328999999998
7.694413000000001	106.72358600000001	9.19893	175.90149499999998
7.663721000000001	103.199174	9.242775	175.90149499999998
7.62529	96.711799	9.271116000000001	187.265918
7.5428880000000005	103.199174	9.297236999999999	186.39328999999998
7.470864	99.55201600000001	9.316426	175.90149499999998
7.446574000000001	96.478534	9.334628	186.39328999999998
7.388971000000001	96.339114	9.359786	188.14675400000002
7.343995	93.632959	9.377929	186.39328999999998
7.293232000000001	93.327112	9.425322	166.527893
7.214036999999999	99.700897	9.428889999999999	197.628458
7.185345	90.826521	9.482826	176.67844499999998
7.110232000000001	93.153237	9.521778	187.793427
7.0697470000000004	93.153237	9.523677000000001	186.21973899999998
7.01116	90.95043199999999	9.556567999999999	176.211454
6.924091000000001	93.240093	9.591733999999999	186.74136299999998
6.901033	90.57970999999999	9.632968	186.21973899999998
6.840664	83.43763	9.666436000000001	176.52250700000002
6.792103	85.324232	9.685908	186.915888
6.7257869999999995	80.775444	9.717718	198.216056
6.666474000000001	80.71025	9.731593	187.265918
6.589952	80.97166	9.758128	186.567164
6.530506	78.70917	9.797696	187.265918
6.458508999999999	73.01935	9.818802999999999	176.211454
6.386326	74.65472199999999	9.81082	197.628458
6.332207	64.97725799999999	9.856282	187.265918
6.21695	69.80802800000001	9.904724	187.441425
6.121924	58.496635999999995	9.914926	176.211454
		9.965092	187.09073899999999
		10.010161	186.74136299999998
		9.989433	187.265918
		10.04354	198.216056
		10.063186	186.915888
		10.091894	199.600798
		10.109709	175.90149499999998
		10.113702	213.219616
		10.154853999999998	187.441425
		10.180665	197.823937
		10.200787	187.793427
		10.247683	186.915888
		10.280159	187.09073899999999
		10.298093	211.86440699999997
		10.328318	188.323917
		10.328919	186.567164
		10.380964	199.401795
		10.435145	187.09073899999999
		10.415774	199.004975
		10.459951	187.265918
		10.478514	212.314225
		10.517666	199.004975
		10.516697	187.969925
		10.552421	199.203187
		10.567131	198.80715700000002
		10.633579	187.793427
		10.650250999999999	198.019802
		10.635294	200.0
		10.704247	199.401795
		10.711851	199.004975
		10.730143	199.600798
		10.754889	187.09073899999999
		10.792536	198.412698
		10.832858	200.601805
		10.833517	198.80715700000002
		10.880303999999999	199.203187
		10.890553	213.219616
		10.927328999999999	187.441425
		10.928372	212.089077
		10.959023	200.601805
		10.99127	199.203187
		11.009417	199.401795
		11.037054	213.219616
		11.048657	187.09073899999999
		11.090191	227.014756
		11.093828	201.612903
		11.121928	199.600798
		11.175981	186.915888
		11.216946	199.203187
		11.208488000000001	213.219616
		11.261769000000001	199.401795
		11.242207	199.401795
		11.281839999999999	212.992545
		11.307129	199.600798
		11.344650999999999	213.44717200000002
		11.368894000000001	213.219616
		11.389292	213.675214
		11.413556	199.8002
		11.439207000000001	213.219616
		11.461114	199.8002
		11.495082	212.992545
		11.523187	213.90374300000002
		11.508175999999999	213.44717200000002
		11.558891000000001	213.675214
		11.5917	213.219616
		11.603506	213.44717200000002
		11.646243	213.90374300000002
		11.65725	213.44717200000002
		11.674922	199.600798
		11.706555	229.621125
		11.73502	213.90374300000002
		11.755932000000001	229.621125
		11.762542	229.621125
		11.80296	213.90374300000002
		11.809917	199.004975
		11.850488	214.132762
		11.860505	214.36227200000002
		11.902946	212.765957
		11.916201	213.90374300000002
		11.923986	229.095074
		11.954566999999999	214.36227200000002
		12.000036	229.357798
		11.99977	213.675214
		12.023402	229.621125
		12.077823	213.90374300000002
		12.065294	230.14959700000003
		12.078964	213.90374300000002
		12.121928	213.675214
		12.119242	213.219616
		12.139778999999999	230.14959700000003
		12.193603999999999	213.675214
		12.183753	213.675214
		12.235572	229.885057
		12.253438000000001	229.885057
		12.289375999999999	229.621125
		12.328634	229.68002
		12.332135000000001	229.621125
		12.346775	229.621125
		12.367965	229.357798
		12.390172	230.946882
		12.431169	230.14959700000003
		12.46272	213.675214
		12.470583	229.621125
		12.488186	229.401795
		12.499217	270.27027000000004
		12.51871	215.28525299999998
		12.559763	212.53985099999997
		12.584796	249.68788999999998
		12.588164	229.885057
		12.624802	230.68050699999998
		12.656697	247.831475
		12.66195	230.41474700000003
		12.670272	248.756219
		12.718625	230.14959700000003
		12.711735000000001	249.066002
		12.751996	214.592275
		12.76412	229.095074
		12.790122	213.90374300000002
		12.798733	248.756219
		12.823833	229.609732
		12.876563	250.312891
		12.909674	229.885057
		12.935367999999999	248.756219
		12.943736999999999	248.756219
		12.973232000000001	249.376559
