"INFORMATION"
"20200701_Cell4091_008_DCCfreq.smr"
""
""
""
""
""

"SUMMARY"
"8"	"Evt+"	"SpikeEvt"	0

"CHANNEL"	"8"
"Evt+"
"No comment"
"SpikeEvt"

34.728219
34.783985
34.829975
34.871068
34.908254
34.942501
34.973814
35.004149
35.032521
35.058945
35.085365
35.109830
35.133317
35.156800
35.180282
35.201812
35.223337
35.244861
35.265409
35.284978
35.305523
35.324114
35.343683
35.362274
35.381840
35.399456
35.418045
35.435657
35.453269
35.471856
35.488494
35.507082
35.523713
35.540349
35.557957
35.573617
35.590249
35.606882
35.622539
35.638195
35.653850
35.669506
35.684184
35.699838
35.715491
35.730171
35.744849
35.760503
35.774201
35.788878
35.803556
35.818232
35.831932
35.846606
35.860308
35.874689
35.888682
35.902382
35.917056
35.929782
35.944451
35.957185
35.970882
35.985547
35.997304
36.011965
36.024688
36.038383
36.051988
36.064040
36.077521
36.090250
36.103942
36.116674
36.129388
36.142532
36.154820
36.167110
36.179298
36.191690
36.202784
36.215523
36.228207
36.240925
36.253559
36.265395
36.278107
36.289865
36.302576
36.315296
36.327068
36.339768
36.350930
36.362381
36.374721
36.386720
36.399539
36.412164
36.424889
36.438595
36.452062
36.465023
36.478600
36.491425
36.505110
36.518611
36.531534
36.546090
36.558937
36.573584
36.587295
36.601982
36.616656
36.631068
36.645937
36.660665
36.674539
36.689060
36.705152
36.720389
36.736591
36.752131
36.768292
36.784581
36.800591
36.817224
36.834579
36.851457
36.868097
36.885705
36.903321
36.920932
36.938545
36.957136
36.975727
36.994313
37.012900
37.031501
37.051065
37.070654
37.091182
37.111320
37.132271
37.153631
37.174382
37.196851
37.218403
37.241860
37.264379
37.288828
37.313294
37.337782
37.364173
37.389618
37.417017
37.444417
37.473768
37.504099
37.535424
37.569657
37.604900
37.644027
37.687079
37.734049
37.795695

