"INFORMATION"
"20200624_Cell4083_003.smr"
""
""
""
""
""

"SUMMARY"
"11"	"Evt+"	"Freq"	0

"CHANNEL"	"11"
"Evt+"
"No comment"
"Freq"

84.322080
84.381230
84.429150
84.478100
84.518915
84.557670
84.599470
84.640275
84.674950
84.711655
84.747365
84.779990
84.814660
84.847305
84.875865
84.904415
84.931945
84.963550
84.992110
85.020660
85.048190
85.074715
85.102235
85.126720
85.153230
85.179730
85.203200
85.228685
85.252150
85.277635
85.301095
85.325575
85.349030
85.370435
85.393890
85.415335
85.437745
85.459160
85.479555
85.500975
85.523405
85.543810
85.566235
85.585610
85.606000
85.626395
85.646785
85.666165
85.684530
85.703895
85.723275
85.742645
85.763035
85.782410
85.800775
85.819135
85.839520
85.857875
85.876235
85.893565
85.908865
85.927220
85.944545
85.961900
85.979220
85.995540
86.013890
86.029190
86.044495
86.060795
86.077135
86.093435
86.110770
86.126065
86.142375
86.156680
86.172965
86.188270
86.204580
86.219880
86.236190
86.251505
86.265785
86.281105
86.295425
86.310660
86.323995
86.330290
86.344475
86.358730
86.373095
86.386200
86.403375
86.418060
86.465460
86.490405
86.504290
86.535850

