"INFORMATION"
"20200701_Cell4091_008_DCCfreq.smr"
""
""
""
""
""

"SUMMARY"
"8"	"Evt+"	"SpikeEvt"	0

"CHANNEL"	"8"
"Evt+"
"No comment"
"SpikeEvt"

11.962548
12.028116
12.081127
12.127838
12.170306
12.211618
12.249066
12.284616
12.316896
12.347796
12.377686
12.406957
12.435096
12.462709
12.489865
12.515748
12.541581
12.567975
12.593348
12.617465
12.641595
12.665328
12.688577
12.711797
12.734676
12.757036
12.779876
12.802126
12.824485
12.845932
12.867690
12.889155
12.910496
12.931355
12.951702
12.972196
12.992167
13.011886
13.032217
13.052336
13.072287
13.091898
13.111855
13.131969
13.151816
13.171220
13.190236
13.209726
13.229076
13.248286
13.267619
13.286596
13.306316
13.325732
13.345886
13.365801
13.386326
13.407416
13.428265
13.449621
13.471366
13.493219
13.515076
13.537550
13.560255
13.583622
13.606991
13.631496
13.655635
13.680876
13.706486
13.732126
13.758505
13.784849
13.811989
13.840527
13.867519
13.896281
13.925820
13.956343
13.988376
14.021762
14.056956
14.093349
14.130593
14.170118
14.210851
14.254911
14.306528
14.361066
14.421461
14.494057

