"INFORMATION"
"20200908_Cell4109_008.smr"
""
""
""
""
""

"SUMMARY"
"m1"	"Evt-"	"Memory"	0

"CHANNEL"	"m1"
"Evt-"
"No comment"
"Memory"

135.737390
135.789500
135.827450
135.858784
135.887848
135.912141
135.934646
135.955451
135.975277
135.993592
136.011110
136.029419
136.046339
136.063809
136.080856
136.097096
136.112048
136.128548
136.143178
136.158360
136.172691
136.188111
136.203415
136.217633
136.231665
136.245410
136.259370
136.273299
136.286993
136.299951
136.313085
136.326409
136.339260
136.352869
136.365852
136.379372
136.391349
136.404640
136.416502
136.428278
136.441109
136.452751
136.464990
136.476691
136.489868
136.502118
136.515068
136.528696
136.541470
136.553251
136.566697
136.580030
136.593539
136.606560
136.620483
136.634776
136.648400
136.663636
136.677419
136.692416
136.706240
136.722264
136.737408
136.753381
136.769572
136.786830
136.804340
136.822425
136.840228
136.858381
136.878619
136.898815
136.920691
136.945714
136.970189
137.001300
137.033080
137.091440

